{
 "cells": [
  {
   "cell_type": "markdown",
   "id": "c51348de",
   "metadata": {},
   "source": [
    "<h1 style=\"text-align: center;\" markdown=\"3\">Results</h1> "
   ]
  },
  {
   "cell_type": "markdown",
   "id": "041056b0",
   "metadata": {},
   "source": [
    "# Introduction"
   ]
  },
  {
   "cell_type": "markdown",
   "id": "ee9e283c",
   "metadata": {},
   "source": [
    "Now that we have implemented all our models, we can bring the results together for a comparative assesment. As we compare the performance of these classifiers, there are a few things to keep in mind:\n",
    "\n",
    "- Each algorithm has specific benefits and drawbacks. Though we are making a quantitative assessment based on several metrics, there are tradeoffs that should be considered, such as which metric we are most concerned with in a particular scenario, computational efficiency and the ability to rank and select features.\n",
    "- Though we did some feature tuning and model augmentation techniques, I did not seek to find the optimum implementation of each model. It is very likely that with more detailed development and feature engineering, certain algorithms could reach a higher level of performance."
   ]
  },
  {
   "cell_type": "markdown",
   "id": "2f25db2c",
   "metadata": {},
   "source": [
    "# Data Setup\n",
    "\n",
    "All of our model results are stored in the `model`directory. Let's import them here to compare the results."
   ]
  },
  {
   "cell_type": "code",
   "execution_count": 1,
   "id": "86d9be8a",
   "metadata": {},
   "outputs": [
    {
     "name": "stdout",
     "output_type": "stream",
     "text": [
      "Model Scores\n"
     ]
    },
    {
     "data": {
      "text/html": [
       "<div>\n",
       "<style scoped>\n",
       "    .dataframe tbody tr th:only-of-type {\n",
       "        vertical-align: middle;\n",
       "    }\n",
       "\n",
       "    .dataframe tbody tr th {\n",
       "        vertical-align: top;\n",
       "    }\n",
       "\n",
       "    .dataframe thead th {\n",
       "        text-align: right;\n",
       "    }\n",
       "</style>\n",
       "<table border=\"1\" class=\"dataframe\">\n",
       "  <thead>\n",
       "    <tr style=\"text-align: right;\">\n",
       "      <th></th>\n",
       "      <th>accuracy</th>\n",
       "      <th>recall</th>\n",
       "      <th>precision</th>\n",
       "      <th>f1</th>\n",
       "      <th>roc_auc</th>\n",
       "      <th>cross_entropy</th>\n",
       "      <th>cohen_kappa</th>\n",
       "    </tr>\n",
       "  </thead>\n",
       "  <tbody>\n",
       "    <tr>\n",
       "      <th>baseline</th>\n",
       "      <td>0.840934</td>\n",
       "      <td>0.000000</td>\n",
       "      <td>0.000000</td>\n",
       "      <td>0.000000</td>\n",
       "      <td>0.500000</td>\n",
       "      <td>0.693147</td>\n",
       "      <td>0.000000</td>\n",
       "    </tr>\n",
       "    <tr>\n",
       "      <th>lr_sample</th>\n",
       "      <td>0.902705</td>\n",
       "      <td>0.475401</td>\n",
       "      <td>0.740278</td>\n",
       "      <td>0.578983</td>\n",
       "      <td>0.880678</td>\n",
       "      <td>0.736693</td>\n",
       "      <td>0.542994</td>\n",
       "    </tr>\n",
       "    <tr>\n",
       "      <th>lr_classwts</th>\n",
       "      <td>0.857329</td>\n",
       "      <td>0.741496</td>\n",
       "      <td>0.495377</td>\n",
       "      <td>0.593950</td>\n",
       "      <td>0.880678</td>\n",
       "      <td>0.736693</td>\n",
       "      <td>0.535996</td>\n",
       "    </tr>\n",
       "    <tr>\n",
       "      <th>lr_oversample</th>\n",
       "      <td>0.853370</td>\n",
       "      <td>0.765444</td>\n",
       "      <td>0.526910</td>\n",
       "      <td>0.624164</td>\n",
       "      <td>0.883381</td>\n",
       "      <td>0.720068</td>\n",
       "      <td>0.536905</td>\n",
       "    </tr>\n",
       "    <tr>\n",
       "      <th>lr_undersample</th>\n",
       "      <td>0.850683</td>\n",
       "      <td>0.769305</td>\n",
       "      <td>0.520745</td>\n",
       "      <td>0.621079</td>\n",
       "      <td>0.883381</td>\n",
       "      <td>0.720068</td>\n",
       "      <td>0.532361</td>\n",
       "    </tr>\n",
       "    <tr>\n",
       "      <th>lr_cv</th>\n",
       "      <td>0.850683</td>\n",
       "      <td>0.769788</td>\n",
       "      <td>0.520731</td>\n",
       "      <td>0.621227</td>\n",
       "      <td>0.883381</td>\n",
       "      <td>0.720068</td>\n",
       "      <td>0.532515</td>\n",
       "    </tr>\n",
       "    <tr>\n",
       "      <th>l1_feats_under_cv</th>\n",
       "      <td>0.856211</td>\n",
       "      <td>0.753378</td>\n",
       "      <td>0.534040</td>\n",
       "      <td>0.625025</td>\n",
       "      <td>0.883381</td>\n",
       "      <td>0.720068</td>\n",
       "      <td>0.539248</td>\n",
       "    </tr>\n",
       "    <tr>\n",
       "      <th>nb_simple</th>\n",
       "      <td>0.850969</td>\n",
       "      <td>0.655249</td>\n",
       "      <td>0.478448</td>\n",
       "      <td>0.553062</td>\n",
       "      <td>0.849767</td>\n",
       "      <td>0.360047</td>\n",
       "      <td>0.491143</td>\n",
       "    </tr>\n",
       "    <tr>\n",
       "      <th>nb_undersample</th>\n",
       "      <td>0.812222</td>\n",
       "      <td>0.756274</td>\n",
       "      <td>0.446693</td>\n",
       "      <td>0.561649</td>\n",
       "      <td>0.859324</td>\n",
       "      <td>0.302656</td>\n",
       "      <td>0.452060</td>\n",
       "    </tr>\n",
       "    <tr>\n",
       "      <th>nb_oversample</th>\n",
       "      <td>0.852372</td>\n",
       "      <td>0.682915</td>\n",
       "      <td>0.527788</td>\n",
       "      <td>0.595413</td>\n",
       "      <td>0.859324</td>\n",
       "      <td>0.302656</td>\n",
       "      <td>0.506934</td>\n",
       "    </tr>\n",
       "    <tr>\n",
       "      <th>nb_cv</th>\n",
       "      <td>0.854522</td>\n",
       "      <td>0.689189</td>\n",
       "      <td>0.533035</td>\n",
       "      <td>0.601137</td>\n",
       "      <td>0.859324</td>\n",
       "      <td>0.302656</td>\n",
       "      <td>0.513943</td>\n",
       "    </tr>\n",
       "    <tr>\n",
       "      <th>nb_cv_platt</th>\n",
       "      <td>0.877246</td>\n",
       "      <td>0.603764</td>\n",
       "      <td>0.616560</td>\n",
       "      <td>0.610095</td>\n",
       "      <td>0.859324</td>\n",
       "      <td>0.302656</td>\n",
       "      <td>0.537261</td>\n",
       "    </tr>\n",
       "    <tr>\n",
       "      <th>svc_simple</th>\n",
       "      <td>0.890143</td>\n",
       "      <td>0.462838</td>\n",
       "      <td>0.750979</td>\n",
       "      <td>0.572708</td>\n",
       "      <td>0.887188</td>\n",
       "      <td>0.289161</td>\n",
       "      <td>0.513719</td>\n",
       "    </tr>\n",
       "    <tr>\n",
       "      <th>svc_classwts</th>\n",
       "      <td>0.877016</td>\n",
       "      <td>0.712507</td>\n",
       "      <td>0.548523</td>\n",
       "      <td>0.619853</td>\n",
       "      <td>0.880102</td>\n",
       "      <td>0.273890</td>\n",
       "      <td>0.571901</td>\n",
       "    </tr>\n",
       "    <tr>\n",
       "      <th>svc_undersample</th>\n",
       "      <td>0.862413</td>\n",
       "      <td>0.709103</td>\n",
       "      <td>0.507984</td>\n",
       "      <td>0.591926</td>\n",
       "      <td>0.880102</td>\n",
       "      <td>0.273890</td>\n",
       "      <td>0.539846</td>\n",
       "    </tr>\n",
       "    <tr>\n",
       "      <th>svc_oversample</th>\n",
       "      <td>0.885559</td>\n",
       "      <td>0.698650</td>\n",
       "      <td>0.577141</td>\n",
       "      <td>0.632109</td>\n",
       "      <td>0.880102</td>\n",
       "      <td>0.273890</td>\n",
       "      <td>0.582623</td>\n",
       "    </tr>\n",
       "    <tr>\n",
       "      <th>svc_under_cv</th>\n",
       "      <td>0.875962</td>\n",
       "      <td>0.753879</td>\n",
       "      <td>0.542676</td>\n",
       "      <td>0.631075</td>\n",
       "      <td>0.880102</td>\n",
       "      <td>0.273890</td>\n",
       "      <td>0.578240</td>\n",
       "    </tr>\n",
       "    <tr>\n",
       "      <th>svc_isotonic</th>\n",
       "      <td>0.855802</td>\n",
       "      <td>0.816505</td>\n",
       "      <td>0.492552</td>\n",
       "      <td>0.614444</td>\n",
       "      <td>0.880102</td>\n",
       "      <td>0.273890</td>\n",
       "      <td>0.553202</td>\n",
       "    </tr>\n",
       "    <tr>\n",
       "      <th>rf_simple</th>\n",
       "      <td>0.899634</td>\n",
       "      <td>0.443634</td>\n",
       "      <td>0.738793</td>\n",
       "      <td>0.554374</td>\n",
       "      <td>0.892110</td>\n",
       "      <td>0.462257</td>\n",
       "      <td>0.512128</td>\n",
       "    </tr>\n",
       "    <tr>\n",
       "      <th>rf_classwts</th>\n",
       "      <td>0.885626</td>\n",
       "      <td>0.694382</td>\n",
       "      <td>0.577918</td>\n",
       "      <td>0.630819</td>\n",
       "      <td>0.892110</td>\n",
       "      <td>0.462257</td>\n",
       "      <td>0.575894</td>\n",
       "    </tr>\n",
       "    <tr>\n",
       "      <th>rf_undersample</th>\n",
       "      <td>0.843392</td>\n",
       "      <td>0.756597</td>\n",
       "      <td>0.465290</td>\n",
       "      <td>0.576219</td>\n",
       "      <td>0.892110</td>\n",
       "      <td>0.462257</td>\n",
       "      <td>0.511201</td>\n",
       "    </tr>\n",
       "    <tr>\n",
       "      <th>rf_oversample</th>\n",
       "      <td>0.901272</td>\n",
       "      <td>0.561400</td>\n",
       "      <td>0.681001</td>\n",
       "      <td>0.615444</td>\n",
       "      <td>0.892110</td>\n",
       "      <td>0.462257</td>\n",
       "      <td>0.578324</td>\n",
       "    </tr>\n",
       "    <tr>\n",
       "      <th>rf_over_cv</th>\n",
       "      <td>0.888249</td>\n",
       "      <td>0.597035</td>\n",
       "      <td>0.604169</td>\n",
       "      <td>0.600581</td>\n",
       "      <td>0.892110</td>\n",
       "      <td>0.462257</td>\n",
       "      <td>0.561615</td>\n",
       "    </tr>\n",
       "    <tr>\n",
       "      <th>rf_adaboost_cv</th>\n",
       "      <td>0.907265</td>\n",
       "      <td>0.552856</td>\n",
       "      <td>0.722974</td>\n",
       "      <td>0.626573</td>\n",
       "      <td>0.892110</td>\n",
       "      <td>0.462257</td>\n",
       "      <td>0.587709</td>\n",
       "    </tr>\n",
       "    <tr>\n",
       "      <th>rf_feat</th>\n",
       "      <td>0.905209</td>\n",
       "      <td>0.475046</td>\n",
       "      <td>0.761672</td>\n",
       "      <td>0.585144</td>\n",
       "      <td>0.892110</td>\n",
       "      <td>0.462257</td>\n",
       "      <td>0.558288</td>\n",
       "    </tr>\n",
       "    <tr>\n",
       "      <th>dl_simple</th>\n",
       "      <td>0.843774</td>\n",
       "      <td>0.020753</td>\n",
       "      <td>0.877551</td>\n",
       "      <td>0.040547</td>\n",
       "      <td>0.892821</td>\n",
       "      <td>0.340850</td>\n",
       "      <td>0.033443</td>\n",
       "    </tr>\n",
       "    <tr>\n",
       "      <th>dl_under</th>\n",
       "      <td>0.794969</td>\n",
       "      <td>0.841109</td>\n",
       "      <td>0.393189</td>\n",
       "      <td>0.535875</td>\n",
       "      <td>0.886711</td>\n",
       "      <td>0.329534</td>\n",
       "      <td>0.462709</td>\n",
       "    </tr>\n",
       "    <tr>\n",
       "      <th>dl_over</th>\n",
       "      <td>0.795630</td>\n",
       "      <td>0.844084</td>\n",
       "      <td>0.394349</td>\n",
       "      <td>0.537556</td>\n",
       "      <td>0.886711</td>\n",
       "      <td>0.329534</td>\n",
       "      <td>0.457863</td>\n",
       "    </tr>\n",
       "    <tr>\n",
       "      <th>dl_cv</th>\n",
       "      <td>0.874002</td>\n",
       "      <td>0.754648</td>\n",
       "      <td>0.537247</td>\n",
       "      <td>0.627656</td>\n",
       "      <td>0.886711</td>\n",
       "      <td>0.329534</td>\n",
       "      <td>0.566884</td>\n",
       "    </tr>\n",
       "  </tbody>\n",
       "</table>\n",
       "</div>"
      ],
      "text/plain": [
       "                   accuracy    recall  precision        f1   roc_auc  \\\n",
       "baseline           0.840934  0.000000   0.000000  0.000000  0.500000   \n",
       "lr_sample          0.902705  0.475401   0.740278  0.578983  0.880678   \n",
       "lr_classwts        0.857329  0.741496   0.495377  0.593950  0.880678   \n",
       "lr_oversample      0.853370  0.765444   0.526910  0.624164  0.883381   \n",
       "lr_undersample     0.850683  0.769305   0.520745  0.621079  0.883381   \n",
       "lr_cv              0.850683  0.769788   0.520731  0.621227  0.883381   \n",
       "l1_feats_under_cv  0.856211  0.753378   0.534040  0.625025  0.883381   \n",
       "nb_simple          0.850969  0.655249   0.478448  0.553062  0.849767   \n",
       "nb_undersample     0.812222  0.756274   0.446693  0.561649  0.859324   \n",
       "nb_oversample      0.852372  0.682915   0.527788  0.595413  0.859324   \n",
       "nb_cv              0.854522  0.689189   0.533035  0.601137  0.859324   \n",
       "nb_cv_platt        0.877246  0.603764   0.616560  0.610095  0.859324   \n",
       "svc_simple         0.890143  0.462838   0.750979  0.572708  0.887188   \n",
       "svc_classwts       0.877016  0.712507   0.548523  0.619853  0.880102   \n",
       "svc_undersample    0.862413  0.709103   0.507984  0.591926  0.880102   \n",
       "svc_oversample     0.885559  0.698650   0.577141  0.632109  0.880102   \n",
       "svc_under_cv       0.875962  0.753879   0.542676  0.631075  0.880102   \n",
       "svc_isotonic       0.855802  0.816505   0.492552  0.614444  0.880102   \n",
       "rf_simple          0.899634  0.443634   0.738793  0.554374  0.892110   \n",
       "rf_classwts        0.885626  0.694382   0.577918  0.630819  0.892110   \n",
       "rf_undersample     0.843392  0.756597   0.465290  0.576219  0.892110   \n",
       "rf_oversample      0.901272  0.561400   0.681001  0.615444  0.892110   \n",
       "rf_over_cv         0.888249  0.597035   0.604169  0.600581  0.892110   \n",
       "rf_adaboost_cv     0.907265  0.552856   0.722974  0.626573  0.892110   \n",
       "rf_feat            0.905209  0.475046   0.761672  0.585144  0.892110   \n",
       "dl_simple          0.843774  0.020753   0.877551  0.040547  0.892821   \n",
       "dl_under           0.794969  0.841109   0.393189  0.535875  0.886711   \n",
       "dl_over            0.795630  0.844084   0.394349  0.537556  0.886711   \n",
       "dl_cv              0.874002  0.754648   0.537247  0.627656  0.886711   \n",
       "\n",
       "                   cross_entropy  cohen_kappa  \n",
       "baseline                0.693147     0.000000  \n",
       "lr_sample               0.736693     0.542994  \n",
       "lr_classwts             0.736693     0.535996  \n",
       "lr_oversample           0.720068     0.536905  \n",
       "lr_undersample          0.720068     0.532361  \n",
       "lr_cv                   0.720068     0.532515  \n",
       "l1_feats_under_cv       0.720068     0.539248  \n",
       "nb_simple               0.360047     0.491143  \n",
       "nb_undersample          0.302656     0.452060  \n",
       "nb_oversample           0.302656     0.506934  \n",
       "nb_cv                   0.302656     0.513943  \n",
       "nb_cv_platt             0.302656     0.537261  \n",
       "svc_simple              0.289161     0.513719  \n",
       "svc_classwts            0.273890     0.571901  \n",
       "svc_undersample         0.273890     0.539846  \n",
       "svc_oversample          0.273890     0.582623  \n",
       "svc_under_cv            0.273890     0.578240  \n",
       "svc_isotonic            0.273890     0.553202  \n",
       "rf_simple               0.462257     0.512128  \n",
       "rf_classwts             0.462257     0.575894  \n",
       "rf_undersample          0.462257     0.511201  \n",
       "rf_oversample           0.462257     0.578324  \n",
       "rf_over_cv              0.462257     0.561615  \n",
       "rf_adaboost_cv          0.462257     0.587709  \n",
       "rf_feat                 0.462257     0.558288  \n",
       "dl_simple               0.340850     0.033443  \n",
       "dl_under                0.329534     0.462709  \n",
       "dl_over                 0.329534     0.457863  \n",
       "dl_cv                   0.329534     0.566884  "
      ]
     },
     "execution_count": 1,
     "metadata": {},
     "output_type": "execute_result"
    }
   ],
   "source": [
    "import numpy as np\n",
    "import pandas as pd\n",
    "\n",
    "from matplotlib import pyplot as plt\n",
    "import seaborn as sns\n",
    "sns.set()\n",
    "\n",
    "# Import model results\n",
    "baseline = pd.read_pickle(\"models/baseline.pkl\")\n",
    "lr = pd.read_pickle(\"models/lr.pkl\")\n",
    "nb = pd.read_pickle(\"models/nb.pkl\")\n",
    "svm = pd.read_pickle(\"models/svm.pkl\")\n",
    "rf = pd.read_pickle(\"models/rm.pkl\")\n",
    "dl = pd.read_pickle(\"models/dl.pkl\")\n",
    "\n",
    "# Concatenate the models\n",
    "models = pd.concat([baseline, lr, nb, svm, rf, dl], axis=1).T\n",
    "\n",
    "print(\"Model Scores\")\n",
    "models"
   ]
  },
  {
   "cell_type": "markdown",
   "id": "7d874d0c",
   "metadata": {},
   "source": [
    "# Best Model in terms of Accuracy"
   ]
  },
  {
   "cell_type": "code",
   "execution_count": 2,
   "id": "b943ad5e",
   "metadata": {},
   "outputs": [
    {
     "data": {
      "text/html": [
       "<div>\n",
       "<style scoped>\n",
       "    .dataframe tbody tr th:only-of-type {\n",
       "        vertical-align: middle;\n",
       "    }\n",
       "\n",
       "    .dataframe tbody tr th {\n",
       "        vertical-align: top;\n",
       "    }\n",
       "\n",
       "    .dataframe thead th {\n",
       "        text-align: right;\n",
       "    }\n",
       "</style>\n",
       "<table border=\"1\" class=\"dataframe\">\n",
       "  <thead>\n",
       "    <tr style=\"text-align: right;\">\n",
       "      <th></th>\n",
       "      <th>accuracy</th>\n",
       "      <th>recall</th>\n",
       "      <th>precision</th>\n",
       "      <th>f1</th>\n",
       "      <th>roc_auc</th>\n",
       "      <th>cross_entropy</th>\n",
       "      <th>cohen_kappa</th>\n",
       "    </tr>\n",
       "  </thead>\n",
       "  <tbody>\n",
       "    <tr>\n",
       "      <th>rf_adaboost_cv</th>\n",
       "      <td>0.907265</td>\n",
       "      <td>0.552856</td>\n",
       "      <td>0.722974</td>\n",
       "      <td>0.626573</td>\n",
       "      <td>0.892110</td>\n",
       "      <td>0.462257</td>\n",
       "      <td>0.587709</td>\n",
       "    </tr>\n",
       "    <tr>\n",
       "      <th>rf_feat</th>\n",
       "      <td>0.905209</td>\n",
       "      <td>0.475046</td>\n",
       "      <td>0.761672</td>\n",
       "      <td>0.585144</td>\n",
       "      <td>0.892110</td>\n",
       "      <td>0.462257</td>\n",
       "      <td>0.558288</td>\n",
       "    </tr>\n",
       "    <tr>\n",
       "      <th>lr_sample</th>\n",
       "      <td>0.902705</td>\n",
       "      <td>0.475401</td>\n",
       "      <td>0.740278</td>\n",
       "      <td>0.578983</td>\n",
       "      <td>0.880678</td>\n",
       "      <td>0.736693</td>\n",
       "      <td>0.542994</td>\n",
       "    </tr>\n",
       "    <tr>\n",
       "      <th>rf_oversample</th>\n",
       "      <td>0.901272</td>\n",
       "      <td>0.561400</td>\n",
       "      <td>0.681001</td>\n",
       "      <td>0.615444</td>\n",
       "      <td>0.892110</td>\n",
       "      <td>0.462257</td>\n",
       "      <td>0.578324</td>\n",
       "    </tr>\n",
       "    <tr>\n",
       "      <th>rf_simple</th>\n",
       "      <td>0.899634</td>\n",
       "      <td>0.443634</td>\n",
       "      <td>0.738793</td>\n",
       "      <td>0.554374</td>\n",
       "      <td>0.892110</td>\n",
       "      <td>0.462257</td>\n",
       "      <td>0.512128</td>\n",
       "    </tr>\n",
       "    <tr>\n",
       "      <th>svc_simple</th>\n",
       "      <td>0.890143</td>\n",
       "      <td>0.462838</td>\n",
       "      <td>0.750979</td>\n",
       "      <td>0.572708</td>\n",
       "      <td>0.887188</td>\n",
       "      <td>0.289161</td>\n",
       "      <td>0.513719</td>\n",
       "    </tr>\n",
       "    <tr>\n",
       "      <th>rf_over_cv</th>\n",
       "      <td>0.888249</td>\n",
       "      <td>0.597035</td>\n",
       "      <td>0.604169</td>\n",
       "      <td>0.600581</td>\n",
       "      <td>0.892110</td>\n",
       "      <td>0.462257</td>\n",
       "      <td>0.561615</td>\n",
       "    </tr>\n",
       "    <tr>\n",
       "      <th>rf_classwts</th>\n",
       "      <td>0.885626</td>\n",
       "      <td>0.694382</td>\n",
       "      <td>0.577918</td>\n",
       "      <td>0.630819</td>\n",
       "      <td>0.892110</td>\n",
       "      <td>0.462257</td>\n",
       "      <td>0.575894</td>\n",
       "    </tr>\n",
       "    <tr>\n",
       "      <th>svc_oversample</th>\n",
       "      <td>0.885559</td>\n",
       "      <td>0.698650</td>\n",
       "      <td>0.577141</td>\n",
       "      <td>0.632109</td>\n",
       "      <td>0.880102</td>\n",
       "      <td>0.273890</td>\n",
       "      <td>0.582623</td>\n",
       "    </tr>\n",
       "    <tr>\n",
       "      <th>nb_cv_platt</th>\n",
       "      <td>0.877246</td>\n",
       "      <td>0.603764</td>\n",
       "      <td>0.616560</td>\n",
       "      <td>0.610095</td>\n",
       "      <td>0.859324</td>\n",
       "      <td>0.302656</td>\n",
       "      <td>0.537261</td>\n",
       "    </tr>\n",
       "    <tr>\n",
       "      <th>svc_classwts</th>\n",
       "      <td>0.877016</td>\n",
       "      <td>0.712507</td>\n",
       "      <td>0.548523</td>\n",
       "      <td>0.619853</td>\n",
       "      <td>0.880102</td>\n",
       "      <td>0.273890</td>\n",
       "      <td>0.571901</td>\n",
       "    </tr>\n",
       "    <tr>\n",
       "      <th>svc_under_cv</th>\n",
       "      <td>0.875962</td>\n",
       "      <td>0.753879</td>\n",
       "      <td>0.542676</td>\n",
       "      <td>0.631075</td>\n",
       "      <td>0.880102</td>\n",
       "      <td>0.273890</td>\n",
       "      <td>0.578240</td>\n",
       "    </tr>\n",
       "    <tr>\n",
       "      <th>dl_cv</th>\n",
       "      <td>0.874002</td>\n",
       "      <td>0.754648</td>\n",
       "      <td>0.537247</td>\n",
       "      <td>0.627656</td>\n",
       "      <td>0.886711</td>\n",
       "      <td>0.329534</td>\n",
       "      <td>0.566884</td>\n",
       "    </tr>\n",
       "    <tr>\n",
       "      <th>svc_undersample</th>\n",
       "      <td>0.862413</td>\n",
       "      <td>0.709103</td>\n",
       "      <td>0.507984</td>\n",
       "      <td>0.591926</td>\n",
       "      <td>0.880102</td>\n",
       "      <td>0.273890</td>\n",
       "      <td>0.539846</td>\n",
       "    </tr>\n",
       "    <tr>\n",
       "      <th>lr_classwts</th>\n",
       "      <td>0.857329</td>\n",
       "      <td>0.741496</td>\n",
       "      <td>0.495377</td>\n",
       "      <td>0.593950</td>\n",
       "      <td>0.880678</td>\n",
       "      <td>0.736693</td>\n",
       "      <td>0.535996</td>\n",
       "    </tr>\n",
       "    <tr>\n",
       "      <th>l1_feats_under_cv</th>\n",
       "      <td>0.856211</td>\n",
       "      <td>0.753378</td>\n",
       "      <td>0.534040</td>\n",
       "      <td>0.625025</td>\n",
       "      <td>0.883381</td>\n",
       "      <td>0.720068</td>\n",
       "      <td>0.539248</td>\n",
       "    </tr>\n",
       "    <tr>\n",
       "      <th>svc_isotonic</th>\n",
       "      <td>0.855802</td>\n",
       "      <td>0.816505</td>\n",
       "      <td>0.492552</td>\n",
       "      <td>0.614444</td>\n",
       "      <td>0.880102</td>\n",
       "      <td>0.273890</td>\n",
       "      <td>0.553202</td>\n",
       "    </tr>\n",
       "    <tr>\n",
       "      <th>nb_cv</th>\n",
       "      <td>0.854522</td>\n",
       "      <td>0.689189</td>\n",
       "      <td>0.533035</td>\n",
       "      <td>0.601137</td>\n",
       "      <td>0.859324</td>\n",
       "      <td>0.302656</td>\n",
       "      <td>0.513943</td>\n",
       "    </tr>\n",
       "    <tr>\n",
       "      <th>lr_oversample</th>\n",
       "      <td>0.853370</td>\n",
       "      <td>0.765444</td>\n",
       "      <td>0.526910</td>\n",
       "      <td>0.624164</td>\n",
       "      <td>0.883381</td>\n",
       "      <td>0.720068</td>\n",
       "      <td>0.536905</td>\n",
       "    </tr>\n",
       "    <tr>\n",
       "      <th>nb_oversample</th>\n",
       "      <td>0.852372</td>\n",
       "      <td>0.682915</td>\n",
       "      <td>0.527788</td>\n",
       "      <td>0.595413</td>\n",
       "      <td>0.859324</td>\n",
       "      <td>0.302656</td>\n",
       "      <td>0.506934</td>\n",
       "    </tr>\n",
       "    <tr>\n",
       "      <th>nb_simple</th>\n",
       "      <td>0.850969</td>\n",
       "      <td>0.655249</td>\n",
       "      <td>0.478448</td>\n",
       "      <td>0.553062</td>\n",
       "      <td>0.849767</td>\n",
       "      <td>0.360047</td>\n",
       "      <td>0.491143</td>\n",
       "    </tr>\n",
       "    <tr>\n",
       "      <th>lr_cv</th>\n",
       "      <td>0.850683</td>\n",
       "      <td>0.769788</td>\n",
       "      <td>0.520731</td>\n",
       "      <td>0.621227</td>\n",
       "      <td>0.883381</td>\n",
       "      <td>0.720068</td>\n",
       "      <td>0.532515</td>\n",
       "    </tr>\n",
       "    <tr>\n",
       "      <th>lr_undersample</th>\n",
       "      <td>0.850683</td>\n",
       "      <td>0.769305</td>\n",
       "      <td>0.520745</td>\n",
       "      <td>0.621079</td>\n",
       "      <td>0.883381</td>\n",
       "      <td>0.720068</td>\n",
       "      <td>0.532361</td>\n",
       "    </tr>\n",
       "    <tr>\n",
       "      <th>dl_simple</th>\n",
       "      <td>0.843774</td>\n",
       "      <td>0.020753</td>\n",
       "      <td>0.877551</td>\n",
       "      <td>0.040547</td>\n",
       "      <td>0.892821</td>\n",
       "      <td>0.340850</td>\n",
       "      <td>0.033443</td>\n",
       "    </tr>\n",
       "    <tr>\n",
       "      <th>rf_undersample</th>\n",
       "      <td>0.843392</td>\n",
       "      <td>0.756597</td>\n",
       "      <td>0.465290</td>\n",
       "      <td>0.576219</td>\n",
       "      <td>0.892110</td>\n",
       "      <td>0.462257</td>\n",
       "      <td>0.511201</td>\n",
       "    </tr>\n",
       "    <tr>\n",
       "      <th>baseline</th>\n",
       "      <td>0.840934</td>\n",
       "      <td>0.000000</td>\n",
       "      <td>0.000000</td>\n",
       "      <td>0.000000</td>\n",
       "      <td>0.500000</td>\n",
       "      <td>0.693147</td>\n",
       "      <td>0.000000</td>\n",
       "    </tr>\n",
       "    <tr>\n",
       "      <th>nb_undersample</th>\n",
       "      <td>0.812222</td>\n",
       "      <td>0.756274</td>\n",
       "      <td>0.446693</td>\n",
       "      <td>0.561649</td>\n",
       "      <td>0.859324</td>\n",
       "      <td>0.302656</td>\n",
       "      <td>0.452060</td>\n",
       "    </tr>\n",
       "    <tr>\n",
       "      <th>dl_over</th>\n",
       "      <td>0.795630</td>\n",
       "      <td>0.844084</td>\n",
       "      <td>0.394349</td>\n",
       "      <td>0.537556</td>\n",
       "      <td>0.886711</td>\n",
       "      <td>0.329534</td>\n",
       "      <td>0.457863</td>\n",
       "    </tr>\n",
       "    <tr>\n",
       "      <th>dl_under</th>\n",
       "      <td>0.794969</td>\n",
       "      <td>0.841109</td>\n",
       "      <td>0.393189</td>\n",
       "      <td>0.535875</td>\n",
       "      <td>0.886711</td>\n",
       "      <td>0.329534</td>\n",
       "      <td>0.462709</td>\n",
       "    </tr>\n",
       "  </tbody>\n",
       "</table>\n",
       "</div>"
      ],
      "text/plain": [
       "                   accuracy    recall  precision        f1   roc_auc  \\\n",
       "rf_adaboost_cv     0.907265  0.552856   0.722974  0.626573  0.892110   \n",
       "rf_feat            0.905209  0.475046   0.761672  0.585144  0.892110   \n",
       "lr_sample          0.902705  0.475401   0.740278  0.578983  0.880678   \n",
       "rf_oversample      0.901272  0.561400   0.681001  0.615444  0.892110   \n",
       "rf_simple          0.899634  0.443634   0.738793  0.554374  0.892110   \n",
       "svc_simple         0.890143  0.462838   0.750979  0.572708  0.887188   \n",
       "rf_over_cv         0.888249  0.597035   0.604169  0.600581  0.892110   \n",
       "rf_classwts        0.885626  0.694382   0.577918  0.630819  0.892110   \n",
       "svc_oversample     0.885559  0.698650   0.577141  0.632109  0.880102   \n",
       "nb_cv_platt        0.877246  0.603764   0.616560  0.610095  0.859324   \n",
       "svc_classwts       0.877016  0.712507   0.548523  0.619853  0.880102   \n",
       "svc_under_cv       0.875962  0.753879   0.542676  0.631075  0.880102   \n",
       "dl_cv              0.874002  0.754648   0.537247  0.627656  0.886711   \n",
       "svc_undersample    0.862413  0.709103   0.507984  0.591926  0.880102   \n",
       "lr_classwts        0.857329  0.741496   0.495377  0.593950  0.880678   \n",
       "l1_feats_under_cv  0.856211  0.753378   0.534040  0.625025  0.883381   \n",
       "svc_isotonic       0.855802  0.816505   0.492552  0.614444  0.880102   \n",
       "nb_cv              0.854522  0.689189   0.533035  0.601137  0.859324   \n",
       "lr_oversample      0.853370  0.765444   0.526910  0.624164  0.883381   \n",
       "nb_oversample      0.852372  0.682915   0.527788  0.595413  0.859324   \n",
       "nb_simple          0.850969  0.655249   0.478448  0.553062  0.849767   \n",
       "lr_cv              0.850683  0.769788   0.520731  0.621227  0.883381   \n",
       "lr_undersample     0.850683  0.769305   0.520745  0.621079  0.883381   \n",
       "dl_simple          0.843774  0.020753   0.877551  0.040547  0.892821   \n",
       "rf_undersample     0.843392  0.756597   0.465290  0.576219  0.892110   \n",
       "baseline           0.840934  0.000000   0.000000  0.000000  0.500000   \n",
       "nb_undersample     0.812222  0.756274   0.446693  0.561649  0.859324   \n",
       "dl_over            0.795630  0.844084   0.394349  0.537556  0.886711   \n",
       "dl_under           0.794969  0.841109   0.393189  0.535875  0.886711   \n",
       "\n",
       "                   cross_entropy  cohen_kappa  \n",
       "rf_adaboost_cv          0.462257     0.587709  \n",
       "rf_feat                 0.462257     0.558288  \n",
       "lr_sample               0.736693     0.542994  \n",
       "rf_oversample           0.462257     0.578324  \n",
       "rf_simple               0.462257     0.512128  \n",
       "svc_simple              0.289161     0.513719  \n",
       "rf_over_cv              0.462257     0.561615  \n",
       "rf_classwts             0.462257     0.575894  \n",
       "svc_oversample          0.273890     0.582623  \n",
       "nb_cv_platt             0.302656     0.537261  \n",
       "svc_classwts            0.273890     0.571901  \n",
       "svc_under_cv            0.273890     0.578240  \n",
       "dl_cv                   0.329534     0.566884  \n",
       "svc_undersample         0.273890     0.539846  \n",
       "lr_classwts             0.736693     0.535996  \n",
       "l1_feats_under_cv       0.720068     0.539248  \n",
       "svc_isotonic            0.273890     0.553202  \n",
       "nb_cv                   0.302656     0.513943  \n",
       "lr_oversample           0.720068     0.536905  \n",
       "nb_oversample           0.302656     0.506934  \n",
       "nb_simple               0.360047     0.491143  \n",
       "lr_cv                   0.720068     0.532515  \n",
       "lr_undersample          0.720068     0.532361  \n",
       "dl_simple               0.340850     0.033443  \n",
       "rf_undersample          0.462257     0.511201  \n",
       "baseline                0.693147     0.000000  \n",
       "nb_undersample          0.302656     0.452060  \n",
       "dl_over                 0.329534     0.457863  \n",
       "dl_under                0.329534     0.462709  "
      ]
     },
     "execution_count": 2,
     "metadata": {},
     "output_type": "execute_result"
    },
    {
     "data": {
